0	9303	3087	938	4205	1744	5782	3986	8651	7404	2836	918	741	4427	4592	9073	6872	5157	1050	4459	3010	962	596	392	7099	2627	2537	4906	4813	1772	7213	4910	930	1419	479	9048	906	7246	4940	1081	1197	3659	496	5921	8950	8077	6798	3287	1660	8903	5411	2046	6013	3007	2223	2787	2469	5228	1235	7007	1192	7514	1027	3809	5153	9603	4613	9653	7802	8026	778	3995	2562	5880	1892	7679	8962	3881	4789	361	2679	1924	1100	1101	5939	2874	3935	3984	1721	6970	2060	8445	8155	2596	9600	2889	5095	3464	953	5697	8682	3682	7131	5076	855	6253	2072	7601	1142	6068	7297	5111	5250	3881	5557	777	2185	3652	4979	8301	3807	1028	5158	676	5316	3562	8008	9186	6695	336	1634	6283	9173	2157	7439	7004	2875	2771	9509	9758	9447	4299	3643	4501	3056	7371	1780	107	3238	9416
9303	0	8141	146	7771	6939	5598	8070	6544	104	3156	6104	9952	8144	2011	6487	9705	1268	2912	3146	8851	9234	121	6577	3585	8149	7202	2468	5501	1732	9520	1710	2367	4001	3007	4486	5523	4129	811	1671	5362	2924	7953	5365	7850	7443	3247	9002	3108	742	4616	7688	7775	2478	679	8414	953	8886	2321	5904	1234	9097	9029	3059	2482	4677	365	83	5481	2968	3541	1436	2206	78	6836	8592	5901	451	2403	8601	1037	3251	1592	9495	953	2378	369	1340	5397	8697	817	174	977	7139	4777	3849	1739	1456	8139	6969	3972	1710	1214	9215	1101	3388	2073	4898	9269	4293	7992	8273	8306	7993	3605	7020	2847	4904	7356	5181	2540	9986	8881	7964	4905	8606	1566	7949	3087	6119	7025	7097	1589	2798	9697	9020	5949	6356	1183	2376	7461	4449	837	2042	2101	789	7637	7946	1267	8246
3087	8141	0	8407	5057	4132	428	2526	8418	6456	9138	5234	7348	4081	9517	3810	1061	8198	9562	2853	7413	2193	445	3442	5672	5578	9650	6165	5373	9441	2237	9056	1347	985	8893	2802	6914	2924	476	8451	9696	1189	5988	2036	3061	4539	8552	7900	3099	7276	1799	5809	9019	6642	4350	6100	2434	82	6579	4076	2690	2582	6964	1646	1290	8180	2996	7597	1767	5597	8549	4396	1553	4405	4078	9286	7036	7598	7806	7677	4128	2515	1496	8704	9193	6937	2078	4126	3189	8371	7105	1593	9240	975	2394	4411	5543	3500	51	631	4963	1272	7807	1663	3204	4942	3201	7895	7441	4829	8566	1432	6228	7360	8353	2084	5370	9855	9456	6490	6686	4147	4930	6358	1423	3164	5770	353	3750	9127	1313	4989	9298	6265	350	6680	764	5482	5249	702	588	1610	4215	4159	7520	1728	9815	6661	4090	51
938	146	8407	0	517	3155	3600	9184	2180	639	3417	9165	9445	5678	8380	3399	5536	8629	881	1094	7690	9113	4865	6638	4947	4533	4986	7759	3164	9566	2371	2101	2345	588	1077	8241	7523	5474	2640	8	7950	1837	150	514	4520	5861	3547	8527	9577	7151	2561	220	5186	5087	714	6922	137	8198	9039	510	7718	7920	314	6367	9817	9743	4020	8473	1296	7768	4920	8039	8412	6054	6728	649	7184	2584	3998	1777	3412	4040	45	2513	6006	9571	8191	682	6681	4955	5676	2020	1244	4591	4894	5520	8715	9922	2808	2946	898	3751	8031	9977	7246	9158	6615	1031	9362	1010	9367	7976	6851	4413	6750	4753	2353	3076	958	202	6363	7337	9894	3376	8777	8140	3641	2067	3288	459	2942	1428	7091	127	6410	1066	6025	9662	158	6619	6114	6329	4543	5684	450	9868	1592	9212	7748	1923
4205	7771	5057	517	0	5492	5625	8512	9183	6639	1061	2589	3361	5756	338	972	5913	4169	5348	9522	2310	6524	7659	5420	4384	4023	766	1684	7198	9908	9358	4172	4660	2240	265	8242	3577	7733	10	9079	6313	2562	7383	4865	2128	3695	116	1572	5126	2065	8408	344	5088	1285	5158	432	158	3875	1747	8046	9046	4789	798	9215	71	9835	8105	415	1388	6385	2057	2563	7672	6709	6687	2267	7872	2912	2877	370	5733	5162	7649	3497	2043	8766	2412	154	3120	5624	8056	4752	2354	1892	5967	4707	2762	3612	9115	8004	5126	7131	3947	1260	873	3556	7250	6730	4544	1485	9154	4227	2592	3213	9923	3796	6884	150	6718	9479	1957	3231	3074	7226	7637	8173	3954	8906	9363	5181	9478	1173	1129	2605	4158	4801	2420	271	4651	7290	4510	8371	2820	1079	9239	2913	4167	993	8818	8017
1744	6939	4132	3155	5492	0	8379	6848	9559	1033	5387	2600	8633	8990	4086	2935	4252	1720	589	8688	6099	6579	8927	3794	9410	9041	2723	3165	4965	1524	7827	2810	4177	5448	7808	3507	4584	1016	558	507	1231	5015	8219	4389	7694	221	390	343	2577	1221	3270	8230	4406	6996	2762	858	1253	4873	3705	7403	9493	1695	4380	4922	4588	217	2629	1916	37	5906	4564	4265	1533	5882	1708	1789	1851	5059	999	7377	3172	9963	377	421	2559	1072	5787	9257	4618	1133	4892	8871	2219	4544	5513	3558	5633	8108	8021	79	5072	3970	4609	3811	5411	6507	6346	6443	4281	3049	3132	6354	4267	562	8019	8602	1021	1285	515	7199	5192	2706	13	8739	5387	3201	5434	4647	1286	6086	8776	490	3844	8853	6387	9528	11	2881	9114	454	7375	2056	3354	6697	6327	5384	1058	4586	4403	6071
5782	5598	428	3600	5625	8379	0	3047	7644	4800	9319	2752	3567	5488	7451	2069	6578	8885	1021	9606	8116	8780	5825	3755	5775	4007	6506	5280	79	725	6193	7188	9724	5884	9770	5959	6312	3564	9788	9762	7138	4879	7963	3495	7401	6873	767	2558	1398	9025	1807	3172	6092	9592	1307	5482	8152	1087	1589	3899	2102	705	4418	3911	9366	7005	6159	5258	5367	9365	180	6796	8278	9108	2032	5892	4627	1431	1878	7014	9431	2866	7585	1109	2472	9472	6279	8260	2531	8672	9055	8050	3512	2605	4840	2979	2228	6923	7001	6658	9680	994	9490	7406	4403	7442	9721	4921	9953	5939	2474	7522	6287	4537	1793	6866	283	5688	9255	145	7985	7470	3417	4130	2525	4610	7829	7260	7251	7745	1692	2532	6401	3199	3286	525	4404	8873	506	1790	2708	4223	7727	7992	6990	8645	420	8022	3548	6596
3986	8070	2526	9184	8512	6848	3047	0	5196	9723	8985	5629	121	4199	7024	851	2869	6211	7855	5481	6978	4476	8524	3683	3827	2180	781	6537	6870	3959	1926	3361	6503	9173	5460	2222	133	293	7474	3276	3932	8939	1082	8290	7452	6775	3669	1520	9186	9812	2189	286	1153	3299	4987	4155	4702	3382	4556	9120	3310	8142	2606	873	5548	5954	8873	8181	33	7980	5181	9301	3463	6969	8023	3473	3416	2035	2894	1160	5694	2090	5138	4467	7056	6252	7291	4822	5277	2820	3771	2112	5412	4493	2627	4976	9631	920	1953	494	8372	4350	3580	4282	8163	8458	7499	4604	6567	6777	7982	6480	7777	1637	1528	7241	4182	3306	9491	7921	5604	8227	2832	8259	4857	3153	5825	7014	4164	5695	213	2964	8499	5087	4336	8633	4871	6020	8261	8121	4403	7154	9042	1786	6279	5241	4278	8679	7699	3116
8651	6544	8418	2180	9183	9559	7644	5196	0	6831	1842	7035	1735	403	1232	6068	4302	7279	5224	3504	2540	5137	2042	9535	5814	6490	9105	426	9999	5852	3826	7659	2489	7296	2177	7705	9467	846	1188	6726	6044	2034	9176	806	4499	9904	717	5712	2325	8168	9402	1153	3585	2007	6791	4510	9295	6798	104	7861	5020	1295	7252	4504	8081	4069	7974	2427	8719	446	8343	2000	7492	1520	9013	6468	2249	7273	1518	8769	6706	5209	2212	7112	5952	7342	3172	9883	1598	2134	6710	4120	7582	8311	6574	3818	1107	7341	10	3462	593	4989	5500	6380	1164	7679	7923	1825	686	3777	7687	4636	3867	1779	7996	9336	9605	8745	4869	8890	383	9747	383	894	5398	2034	832	3044	7077	1779	5826	2128	653	671	736	1616	6742	2502	8806	746	694	1990	656	1048	8923	1384	1466	8000	8878	1388
7404	104	6456	639	6639	1033	4800	9723	6831	0	6007	4371	1358	7124	2546	5071	3844	8514	32	5521	9132	5980	1710	5343	8909	4720	3704	5128	9619	4710	1144	5728	7396	8095	6664	8107	4804	3134	133	8537	8276	1981	2391	2168	2281	3424	2772	1037	2093	2859	1859	5845	7947	4435	1658	2121	7709	272	6604	422	3872	5795	2331	4911	2894	469	6340	6518	28	5569	1753	6739	608	8855	9780	349	7968	9603	9233	9265	8314	9694	8528	8131	2584	455	7791	2569	1077	7303	6006	4210	3627	6213	213	2868	9528	7700	8470	9764	6554	9885	1768	6813	3053	1070	3151	5300	8239	9729	8340	4960	2461	2721	4611	9024	2377	1817	6089	3544	6592	170	2163	3523	9018	737	8606	2340	3550	7020	9335	5968	354	8255	5799	6469	2120	191	6557	4800	8138	8262	9591	356	3090	2745	93	9113	1688	1298
2836	3156	9138	3417	1061	5387	9319	8985	1842	6007	0	9386	2006	5596	5798	5520	3073	6309	7034	2370	7594	998	7812	2782	9997	7633	4141	9572	14	9556	6337	3617	2998	6637	9741	1598	8915	7507	8141	1862	215	3350	6061	1776	8642	903	5296	3848	9357	505	2666	3307	5205	764	8140	2749	9864	6732	7083	2657	3073	7862	1981	4854	3551	2192	8114	8102	5606	7171	9918	3687	8571	5646	8205	1350	7184	1724	5807	1456	6416	9021	1144	450	8974	9429	1236	3771	5824	8374	5869	8654	1418	4655	3327	8107	8448	5427	983	9732	3628	4267	7538	1596	9064	9240	8747	4573	6525	6934	4850	5239	7825	1706	6811	8578	9845	5102	9174	3828	2722	9893	3736	4742	3635	1678	2863	568	5055	8267	7266	9464	2083	6403	2191	3143	8171	4431	442	284	3192	4638	3045	7269	8462	8774	1973	9993	3167	2552
918	6104	5234	9165	2589	2600	2752	5629	7035	4371	9386	0	7207	3884	5453	3404	2366	6289	1981	1495	4594	2324	4591	6296	7955	7459	8865	1664	6297	2308	7632	8067	1474	1642	9969	2141	990	267	3897	8699	4957	2063	5249	1128	3612	3336	4483	1734	3308	8542	6787	9972	1262	3845	6126	837	8687	1086	7250	5248	2917	4654	9990	2538	7285	8358	5324	7343	3978	2032	7081	4205	6722	9442	335	7221	7336	3456	1564	7626	8605	7968	883	5298	5309	4784	9361	3163	5334	9519	4061	3508	6472	9836	1224	6084	5965	8868	8500	8496	4968	3255	2735	6496	173	4510	8916	7602	4325	9220	7956	7716	4656	2809	8977	4696	4360	8505	4371	5405	8024	573	9407	7922	1214	4404	2241	4859	6949	5324	6025	4834	3172	5969	1531	7453	5973	7043	5308	9042	5227	3968	2939	1297	5221	6814	9793	6435	2623	1845
741	9952	7348	9445	3361	8633	3567	121	1735	1358	2006	7207	0	3030	7621	414	6198	3427	286	9529	7923	342	965	5541	1723	5543	4936	5632	2909	4435	9482	7658	2279	2262	2794	6968	8306	9229	8408	87	2370	1131	3827	2138	2707	7693	5259	8718	2210	479	7298	8224	6525	6726	8874	333	7090	1095	2648	834	6559	769	5525	1798	2003	6269	9217	4162	5074	8525	1711	3154	7234	7088	8879	2157	1698	5573	3717	7117	9943	6372	9282	9515	104	5991	5115	6428	6571	1827	4725	3624	1398	4599	7041	3738	2073	7416	3273	349	5179	4837	5126	236	4454	5332	144	3621	4631	9802	9801	1633	8767	3369	1872	7243	7570	3157	7201	4273	1199	8300	1673	9077	152	4592	9256	1119	7360	1033	9048	3987	4394	5624	4028	443	9059	4075	4406	4059	3298	1069	6193	2023	513	2841	4108	4346	4844	1247
4427	8144	4081	5678	5756	8990	5488	4199	403	7124	5596	3884	3030	0	5984	6847	835	6870	3393	3026	7141	2626	1635	5573	5608	3447	9569	4714	5892	6099	1726	9037	7133	4018	9502	4780	7171	1786	1388	1098	163	7399	1325	9687	6581	9450	8155	6974	3321	9803	1554	5657	1556	3265	4607	5790	8932	1231	9121	6962	7961	439	1207	9943	3226	9314	8133	8186	6183	4776	9927	8845	5476	9790	5590	2515	9954	2768	3505	7716	6251	512	1228	2921	3511	5978	5841	1122	7572	285	72	8938	7847	5983	5890	5541	1654	8489	7563	2577	4242	1519	8351	7965	2209	1457	1184	1497	7342	7789	5735	699	6547	6602	9427	8709	1519	353	440	1407	2843	2288	7956	8017	6173	1302	5003	1910	3495	9098	9236	1241	9387	6748	2726	1546	624	8879	9334	8786	3956	1326	8997	9712	873	2785	6122	9257	1101	2365
4592	2011	9517	8380	338	4086	7451	7024	1232	2546	5798	5453	7621	5984	0	1387	4492	6447	1665	9192	6757	3944	2120	3340	8810	4711	4980	7405	5915	5628	7698	9383	3858	8838	8544	3809	4195	6708	2476	9440	1736	9444	884	1073	685	6588	2125	4346	1902	1160	2170	5983	5952	3626	5434	3043	9549	2790	4770	3318	3881	4007	8882	3103	984	9058	6045	5243	3266	4691	7780	9595	4397	6911	6920	9302	4941	8109	2491	473	2529	7938	2499	1080	3268	5589	4940	3266	6490	3731	3803	9154	9234	1007	8225	1814	4090	4438	8920	6524	235	3793	876	2842	4361	1377	4407	2000	4115	1582	9761	1905	6315	837	2818	8887	9302	9729	8799	6211	1132	2986	6465	7986	9554	2796	9931	751	1791	9953	5325	4967	8888	933	226	976	7706	9635	1968	5758	3000	8500	6962	4906	5236	8058	5566	3117	6609	2259
9073	6487	3810	3399	972	2935	2069	851	6068	5071	5520	3404	414	6847	1387	0	2077	9840	2346	660	4778	7358	1940	7839	3979	4102	203	3322	1235	8841	687	3397	7788	1401	5432	2049	2241	967	7145	3514	3069	4270	6160	4436	3067	4750	6557	3621	4268	4113	3228	1666	1210	6181	6098	4664	3237	9845	9567	7294	6684	2867	2117	8301	2351	3225	8050	4074	1148	8001	6275	609	1459	1047	361	2512	53	6593	2136	7396	9490	1443	2674	4680	7110	8753	2001	5213	1023	5188	2672	4893	1263	1687	3182	6279	3369	5404	7931	5318	3244	995	721	2294	7573	5352	9835	7522	9954	7285	9297	1743	1165	4597	982	4478	9495	8249	2392	8912	1354	98	6796	1163	9675	7429	806	8871	7390	4384	2323	9715	3895	7113	3559	6971	8623	1972	4743	1734	1496	1697	4125	1718	4724	1516	8376	5058	6608	6944
6872	9705	1061	5536	5913	4252	6578	2869	4302	3844	3073	2366	6198	835	4492	2077	0	925	8317	5478	5422	4177	2890	5679	8021	3900	205	9003	8138	6753	8365	7344	998	412	2348	7972	3408	6030	5171	477	265	2735	3134	7600	432	660	6602	7468	5802	1618	6886	2579	9125	6134	8239	4178	1126	5413	6854	7601	1949	2834	3955	7065	8535	4610	8617	6000	6426	136	2278	8798	113	6689	203	6857	6130	5261	5831	1215	6589	3197	6855	471	3618	2374	7395	7680	4439	9377	6655	2929	621	5975	2925	3780	9980	9235	7736	3428	219	4716	6586	1637	1190	9578	5814	9602	5792	9393	9329	3651	3041	6042	9076	4704	1317	8163	1288	592	6362	9432	5751	8588	7112	6400	3314	4864	9848	6282	6424	7315	1481	2394	2224	3198	8340	381	1668	2573	1905	133	2532	8818	5402	583	7415	4574	7650	1814
5157	1268	8198	8629	4169	1720	8885	6211	7279	8514	6309	6289	3427	6870	6447	9840	925	0	2915	7200	9160	6199	59	5307	5946	2107	5257	7889	9327	1910	6314	2850	3510	239	1088	3960	3182	7651	1537	1299	4125	8855	5937	1264	4918	4126	5046	5965	5129	888	1639	1340	4227	127	1292	1526	1701	9103	5108	4811	1552	2595	2328	422	3614	7699	297	7744	4439	3002	6439	6915	9025	219	123	9375	256	3691	9946	9571	904	8937	884	5690	1535	1213	2822	6306	611	4911	3448	3049	4714	4656	6126	6888	5373	6902	3469	4105	7612	8303	9306	2405	8094	2135	2231	8108	8181	254	5823	3352	1727	9954	9820	7767	1982	2143	298	9364	545	6173	7558	7868	7456	2703	5078	7187	9465	7783	6579	203	5579	755	728	7749	9466	1399	7352	4437	53	4695	8294	1832	9771	3882	2053	7851	7307	354
1050	2912	9562	881	5348	589	1021	7855	5224	32	7034	1981	286	3393	1665	2346	8317	2915	0	5383	8454	5187	2599	3304	5559	5311	7105	3456	5741	9298	4996	2471	5339	2372	4680	3929	5517	4376	2739	7010	6519	5955	4365	2139	745	5999	1777	699	2	9086	980	2719	331	689	6377	2384	2688	4699	7072	1079	7055	5221	880	8562	877	8136	8349	3248	6130	9049	9721	8800	2533	5477	989	7536	624	197	6692	8998	5825	9446	8973	5178	4398	5411	3150	5388	8027	1734	5931	3073	453	1250	2258	3457	6170	7892	8929	5001	9583	8142	4255	1841	4759	5279	9563	666	4051	6327	57	5698	2543	5993	819	7910	7371	6305	3369	6186	6157	1861	9834	9961	5769	6807	35	6391	9155	9300	5018	8464	2484	9448	4952	6632	3230	1124	1201	5660	5928	1112	6247	6841	2246	1938	1460	3934	624	5934
4459	3146	2853	1094	9522	8688	9606	5481	3504	5521	2370	1495	9529	3026	9192	660	5478	7200	5383	0	3650	5226	477	1537	8725	9713	5051	6494	7098	5562	7900	811	1264	2151	9204	8593	1058	9127	3352	5268	9318	8358	7556	2448	3465	254	1702	8057	2077	4699	5441	52	7009	2603	5029	3565	3521	6731	9124	1875	1699	7999	8526	4273	6038	4143	9598	2860	9420	263	6566	4954	8785	2787	2812	4635	8312	7589	7919	7498	3963	2469	6648	4362	9490	5620	1083	9336	2606	6247	6522	2175	7176	2067	9436	8236	6385	9811	8713	8250	5400	9238	9301	4294	3549	2901	8667	6134	3666	599	1766	1742	1978	7140	7263	6285	9152	8815	111	689	3049	9287	3555	8274	905	3042	1531	5982	6851	1006	360	9896	3824	4251	2327	3199	114	3806	6144	6390	3042	1213	3495	1063	8095	1351	2934	5806	5937	6055
3010	8851	7413	7690	2310	6099	8116	6978	2540	9132	7594	4594	7923	7141	6757	4778	5422	9160	8454	3650	0	2686	3419	2279	1343	2916	2539	4116	3465	7812	9822	9578	3496	1772	3290	384	1596	912	1847	1742	8683	9046	3745	8368	2600	5656	444	4568	9888	9141	1560	9247	7293	2668	1983	8484	8178	290	6748	5659	9251	1468	964	1715	7370	3179	9711	1730	4398	5386	6981	6565	9404	648	2838	4481	2276	2677	8582	2917	5676	3887	1098	624	3455	1582	6257	6943	4016	7341	2392	9132	7641	7809	6242	5595	7196	8666	8421	5958	3363	5919	6676	4894	5770	7287	1394	8223	5262	8817	1845	4787	4741	7905	378	2419	6947	6083	5194	90	2132	7474	9376	9750	855	7391	8188	4424	543	7453	458	5316	4677	8948	9333	4132	434	1070	4745	187	3710	2155	2825	9439	6504	8213	6985	3865	134	7750
962	9234	2193	9113	6524	6579	8780	4476	5137	5980	998	2324	342	2626	3944	7358	4177	6199	5187	5226	2686	0	1210	8402	1638	1481	2343	1859	5939	365	522	4295	3189	5662	4387	1690	3613	2299	2805	1540	2592	7358	1913	4749	9005	2041	3070	9313	9833	6883	9325	3198	6538	5567	2986	8628	6209	5332	2286	3796	4481	7886	2719	2881	1622	8341	4014	3351	1869	2190	1440	3421	9815	5620	7113	1931	4314	2865	6855	6197	7505	2178	4728	657	9619	8021	8475	7495	9156	1133	4264	641	1955	2962	7687	1295	2694	6233	1611	2312	4413	9664	9700	6664	4500	2289	6939	6443	2948	7643	4906	39	5018	5912	5508	482	6176	4372	7221	7636	9533	5691	6235	2797	8720	463	578	570	8141	1713	9721	32	4260	7786	5581	5441	3511	4476	6931	9108	9667	2021	5517	545	3766	3115	6030	9181	3059	8297
596	121	445	4865	7659	8927	5825	8524	2042	1710	7812	4591	965	1635	2120	1940	2890	59	2599	477	3419	1210	0	7959	9055	8982	5885	1615	1585	2272	5687	70	2592	1773	1249	3412	1402	9083	6327	9857	6553	3973	4791	4202	8274	1824	1074	6502	1425	7149	285	8918	9685	1715	2095	5629	2043	5084	7877	3351	5038	4986	4535	3315	4977	6748	1182	4499	8090	3559	6554	4471	9921	667	7032	9011	7079	5562	3823	7915	613	990	3577	6747	8133	1384	1373	665	9370	662	6144	2798	2806	6012	2012	2089	9186	593	6092	9824	9950	3316	7717	1346	7215	8087	4222	7167	6223	5603	6511	1564	8739	6784	2953	7100	7086	1479	3306	8435	56	6894	8298	649	6390	425	2123	703	3385	5795	4518	2313	240	3985	7211	7630	7593	3791	3534	5947	6325	3795	5750	8670	7910	5970	6674	1270	7418	8638
392	6577	3442	6638	5420	3794	3755	3683	9535	5343	2782	6296	5541	5573	3340	7839	5679	5307	3304	1537	2279	8402	7959	0	2385	8963	5026	3265	6404	1320	8459	2531	1286	20	3070	4368	4744	8656	9354	5505	3931	9017	513	6350	7420	8180	2446	1636	5453	2494	6845	8819	5542	4434	4879	5065	6059	3410	7257	7867	3319	4301	6486	9015	101	6629	591	3195	3502	9441	2367	9187	5212	2271	3611	1471	5938	4282	8577	1247	1501	7132	6523	1949	1581	8775	9695	520	245	9617	2326	4437	4307	7140	6819	9670	7731	8232	9490	8806	759	235	3391	4135	5657	6781	6076	1697	9035	8266	4835	8374	970	5540	263	6379	2577	8443	44	7387	1117	5358	7208	8993	4514	3329	9268	7186	9082	8589	6403	6616	2728	4203	248	4938	7474	6725	1605	8203	2904	4983	8233	5525	3010	1435	2918	4706	2636	4162
7099	3585	5672	4947	4384	9410	5775	3827	5814	8909	9997	7955	1723	5608	8810	3979	8021	5946	5559	8725	1343	1638	9055	2385	0	5733	6277	3665	2812	3769	8725	7889	9535	9721	501	6539	849	5232	3208	599	7134	3838	7553	1583	4074	4170	682	4719	1964	3252	1250	5262	1000	7255	2353	9773	2256	4030	5107	9149	9815	4164	3775	5491	8333	8362	9763	2310	2576	2426	6238	5004	911	4544	2446	3231	9878	475	1531	173	6595	3741	924	3390	8420	9056	8273	8861	8838	3846	3288	7158	2217	91	6522	1083	7080	860	6887	6268	6685	4476	3699	8301	2371	435	7259	3726	1646	895	9890	5143	8947	9048	544	8394	1721	9572	9544	8364	4556	8783	5570	4262	8242	8358	9406	3905	3819	223	7505	7104	4352	8918	4000	6230	6717	4749	6819	5750	6531	3058	29	4046	5768	4746	9504	7751	6598	6655
2627	8149	5578	4533	4023	9041	4007	2180	6490	4720	7633	7459	5543	3447	4711	4102	3900	2107	5311	9713	2916	1481	8982	8963	5733	0	7193	3034	9076	218	7941	189	205	1891	4628	8651	9154	9505	8790	1113	7893	2012	1071	5709	7028	7338	2666	4468	4181	8965	7524	836	6624	8583	3743	2671	9573	6436	8316	8244	1113	9745	424	5945	1618	5679	6545	3562	5798	9855	2534	2821	4478	2334	241	3083	3177	4237	5577	8175	4126	5339	1846	3313	8546	8337	7119	5513	85	2882	5133	6082	2949	1233	5503	8305	6183	2347	50	9429	8317	3877	7609	6267	699	7552	6334	6371	4666	9824	7032	5765	7336	5273	7769	953	171	463	7020	7402	1689	3664	4069	1028	7795	9126	3903	472	6239	4925	7013	7761	2853	2078	7034	7013	9908	9366	9395	8741	9492	8778	3776	1287	3158	1306	3784	5639	8690	2749
2537	7202	9650	4986	766	2723	6506	781	9105	3704	4141	8865	4936	9569	4980	203	205	5257	7105	5051	2539	2343	5885	5026	6277	7193	0	2623	4787	3322	9046	4632	5364	7366	5619	5351	8538	2890	4677	2197	5140	9435	5516	6716	8079	5021	3083	4289	3858	8242	1072	6114	8729	5853	5829	5611	6630	8688	4302	7081	8204	5240	9487	3323	4661	7520	3285	9076	177	2099	8404	7510	361	2276	658	3273	163	1848	4944	3442	1225	635	284	4536	8322	5532	3967	3938	7998	6151	3417	7377	4729	8780	7611	7336	9164	8020	9193	6625	83	900	6780	3229	8148	5706	7602	167	5042	155	9811	4396	9519	1163	7909	2823	3055	2712	1148	1074	89	4788	5184	3755	1228	2776	2583	4715	4944	3444	4713	1542	9008	9477	5411	8648	9640	6164	5315	5986	1996	8535	4344	9001	4063	7396	1779	2266	4897	5963
4906	2468	6165	7759	1684	3165	5280	6537	426	5128	9572	1664	5632	4714	7405	3322	9003	7889	3456	6494	4116	1859	1615	3265	3665	3034	2623	0	8141	1371	9133	6657	7151	8815	9237	9050	8601	5689	4691	1858	8713	8087	2410	4059	2615	1369	9567	4776	5323	4111	994	8108	4666	5954	8914	8718	7028	6781	5923	9196	4955	9061	193	1031	4431	5884	2430	1683	3385	187	8331	8464	8462	2620	6116	6146	1057	8621	5471	8186	9508	6924	3822	44	670	6465	9543	9862	2417	5093	5273	8034	7335	3844	8709	2426	6154	5956	9190	7746	6938	4835	7574	1750	7254	162	2760	3659	8071	7412	649	6634	3728	7401	6920	3167	6354	8816	2877	305	205	8515	3923	6423	8654	9531	3049	4615	1624	685	5273	3787	8452	2632	2459	6134	1579	5197	7078	5721	2478	895	9207	8312	7848	8217	9122	9674	9689	3677
4813	5501	5373	3164	7198	4965	79	6870	9999	9619	14	6297	2909	5892	5915	1235	8138	9327	5741	7098	3465	5939	1585	6404	2812	9076	4787	8141	0	3090	3325	5388	1832	4929	691	8423	314	6982	5990	6713	7772	5098	3356	4302	3006	4651	1070	5502	4350	9044	4833	5957	5305	1745	7061	615	6698	8528	504	1466	9645	889	7373	8244	4505	1648	1557	8875	668	6284	6902	9817	1706	7681	8864	6530	124	9183	8334	5911	5245	2526	204	2341	9283	3984	7895	8255	4484	175	5	6766	9156	2384	1846	2125	8790	2396	5313	1911	2845	6031	5680	3727	779	3000	2245	480	8537	8228	2707	5331	5956	7011	5691	2653	1930	1523	5938	5763	2628	3858	2029	2858	2218	7321	1910	2046	1417	3734	3272	9772	7880	469	3771	2309	334	2849	6188	4410	1765	3978	9768	2688	7912	5377	4356	7440	1791	9137
1772	1732	9441	9566	9908	1524	725	3959	5852	4710	9556	2308	4435	6099	5628	8841	6753	1910	9298	5562	7812	365	2272	1320	3769	218	3322	1371	3090	0	8976	6575	5887	1069	5319	6232	7441	5810	52	7244	7523	9599	3976	8975	6859	7828	8976	9633	3883	7239	6123	2233	7675	5790	6044	2719	9677	6270	9827	1381	943	4607	5706	6760	3186	3956	7453	3318	9175	4659	1732	4013	4049	1716	9613	581	1413	8482	9772	7514	8902	2157	39	1001	4148	9445	2590	4742	3011	3629	5693	4775	9962	9182	1209	8307	4277	9037	4527	7016	6538	886	604	682	7613	5453	4025	1702	3764	8724	6127	1573	7662	3778	1824	2107	5243	7235	7660	5234	6283	6027	8899	3942	5395	5365	5950	1891	4481	9837	2068	3646	4294	452	7959	1547	2188	8211	6216	5067	263	530	1623	8071	8229	8840	2738	5016	4206	84
7213	9520	2237	2371	9358	7827	6193	1926	3826	1144	6337	7632	9482	1726	7698	687	8365	6314	4996	7900	9822	522	5687	8459	8725	7941	9046	9133	3325	8976	0	3711	7695	8702	5794	1178	4440	1873	1816	9140	4126	5593	3968	455	6362	6902	2691	7926	5495	4266	6180	2596	7545	5468	9504	1	4934	2313	8230	9896	9829	9845	6471	3689	5830	5066	6639	4020	5032	5450	3156	6935	5117	3701	310	4637	3844	2716	8277	4285	8405	5080	1107	5679	1883	9652	2443	3991	9003	5328	6445	148	6360	5403	2156	9643	6712	4770	4550	4092	1201	5910	6300	555	4491	1900	1435	9267	858	2749	1056	6951	3072	17	9225	9302	8130	7892	6455	6250	3412	9426	839	2445	1443	5503	2745	201	3898	8873	3798	6639	7926	3727	6926	2793	496	4368	1896	1708	4441	6877	8683	3179	168	4063	2197	928	5470	9739
4910	1710	9056	2101	4172	2810	7188	3361	7659	5728	3617	8067	7658	9037	9383	3397	7344	2850	2471	811	9578	4295	70	2531	7889	189	4632	6657	5388	6575	3711	0	8510	8364	7062	2576	6898	8476	8402	8700	2905	7066	6037	8293	8444	9776	5497	6884	3534	2073	3086	8466	6858	8131	9576	730	4016	642	7680	8768	7864	4108	5229	2652	6807	4681	7009	4076	3379	6768	7077	2821	8521	2766	1277	4117	906	1687	8598	4617	7990	7928	2845	6200	3086	7816	4923	5594	1329	5356	9944	931	7412	813	8119	9964	5034	3385	9357	3398	4217	5590	229	7784	4310	6366	2889	6338	7816	5900	9117	3759	5687	5207	2888	741	9358	4757	2878	3570	5566	231	8777	5123	8693	5961	2145	1943	4359	8600	2784	1507	4544	6910	7949	5860	8383	692	6255	1025	1327	4092	5026	5956	1608	7169	149	608	6753	7551
930	2367	1347	2345	4660	4177	9724	6503	2489	7396	2998	1474	2279	7133	3858	7788	998	3510	5339	1264	3496	3189	2592	1286	9535	205	5364	7151	1832	5887	7695	8510	0	5502	3337	8316	3001	9971	7455	8229	3083	965	2598	36	4264	2248	7712	6224	4177	2579	788	7619	6660	7198	6072	2417	1567	9712	4503	8461	9313	5148	3597	2107	4044	5520	7404	781	6805	6306	5307	894	6678	7862	3149	8620	2428	833	394	4064	2259	4352	3116	7468	2322	575	9202	8829	63	8131	4842	9527	2977	5143	5493	2178	4380	1874	4118	8348	5015	4739	5371	7023	6421	3347	5310	2945	7703	2332	4933	9470	136	2813	8514	2616	9948	2302	2751	4635	2741	2507	19	5334	6557	2381	9645	7870	4287	6732	2599	1094	1052	9287	9311	5360	2096	2483	5972	3886	7928	417	1517	668	4077	9394	872	7164	4065	9691
1419	4001	985	588	2240	5448	5884	9173	7296	8095	6637	1642	2262	4018	8838	1401	412	239	2372	2151	1772	5662	1773	20	9721	1891	7366	8815	4929	1069	8702	8364	5502	0	2922	9404	5527	536	2933	5978	516	2959	6333	6768	4249	2117	1543	863	420	5425	7271	5475	7029	3149	6569	5791	1985	9701	1309	2403	7324	4317	8609	1161	8467	2439	215	9547	1065	4224	2589	7167	3491	1993	4206	538	3596	5938	9304	9115	9036	2114	1862	8185	8800	557	8625	1450	1966	4830	1308	4171	8236	1235	8089	5939	7961	5359	4280	2808	3444	8409	4461	8326	271	8409	3268	2054	7946	1505	6576	4595	2555	9528	2501	6075	7547	586	732	963	6857	6345	5193	6657	4996	6970	170	7568	6620	6104	7310	1966	9215	1981	5596	6386	2782	9770	1649	8047	2629	3173	8959	7510	9920	4733	62	125	4232	4433
479	3007	8893	1077	265	7808	9770	5460	2177	6664	9741	9969	2794	9502	8544	5432	2348	1088	4680	9204	3290	4387	1249	3070	501	4628	5619	9237	691	5319	5794	7062	3337	2922	0	5463	4713	3163	6115	5156	714	9232	9681	3406	8937	4139	5578	1443	3109	5214	2857	1832	1147	5576	1883	9648	1929	2243	4679	768	1485	2242	7535	7897	4722	4834	3582	2263	5536	3762	6672	4267	2120	6279	9048	5280	176	4070	2055	4444	1984	4792	5772	916	377	7278	1138	8771	8972	8378	2791	8675	1200	9818	4365	7979	9279	3385	8401	1536	2535	4831	108	4120	9206	1559	6549	6345	123	3466	9975	9908	6150	959	332	8588	2729	7819	5638	6235	9371	6825	5260	763	3245	5630	1584	7527	6936	6558	2386	5110	4402	5220	1572	9740	1475	8141	8593	3311	1412	9652	4464	2141	7944	2219	3703	2574	779	5037
9048	4486	2802	8241	8242	3507	5959	2222	7705	8107	1598	2141	6968	4780	3809	2049	7972	3960	3929	8593	384	1690	3412	4368	6539	8651	5351	9050	8423	6232	1178	2576	8316	9404	5463	0	7304	8390	6940	252	5260	813	329	9260	8952	4382	4863	3004	8267	9683	3178	4386	3920	4411	504	4175	5961	7730	3213	2603	6977	3240	2674	7547	9960	3689	2232	4502	2991	6858	4689	1092	9770	513	2645	5928	716	155	8234	1538	4710	9046	129	9796	6903	6354	6612	8143	5866	7461	6945	1876	4658	6495	1890	2374	6464	3979	50	7651	6503	8614	7442	461	1875	984	3652	4655	1608	1817	6478	8769	5420	5115	1792	6273	8954	8991	3033	3810	1065	8201	2769	945	7084	2944	7668	3652	9427	2362	4929	2703	1825	1137	1313	6683	4750	6506	5127	4533	3431	7529	6762	4982	1165	5226	2554	898	7451	3198
906	5523	6914	7523	3577	4584	6312	133	9467	4804	8915	990	8306	7171	4195	2241	3408	3182	5517	1058	1596	3613	1402	4744	849	9154	8538	8601	314	7441	4440	6898	3001	5527	4713	7304	0	191	7036	5005	9608	522	4076	2992	3293	2364	4987	9741	1957	8632	2402	1813	4710	2877	9255	1344	1492	2646	7479	560	6658	8129	8178	4667	7218	7229	3157	2792	3801	4229	9345	1456	9383	6677	5776	704	4045	8264	2162	6511	5383	9103	284	5702	5800	2944	5055	2656	3182	349	7480	2189	5490	8900	8174	4848	3320	5628	3123	1035	9450	9516	3852	1790	1739	5935	3558	8994	7553	8088	8429	2439	6377	809	7003	4666	1341	7907	5718	6619	3004	4558	3691	5018	8415	7074	4754	3109	6576	6817	5722	7389	7448	847	787	9054	6199	7650	8581	3882	9979	5395	8760	433	6138	8892	1865	2167	8905	7650
7246	4129	2924	5474	7733	1016	3564	293	846	3134	7507	267	9229	1786	6708	967	6030	7651	4376	9127	912	2299	9083	8656	5232	9505	2890	5689	6982	5810	1873	8476	9971	536	3163	8390	191	0	6707	8004	9725	6728	7431	3099	1015	4754	936	183	6087	4410	2883	6896	6496	4746	1309	4820	7627	9558	5874	5395	2703	9031	444	7992	559	5278	496	5401	9025	9144	3341	9748	1131	3620	8879	7207	8415	6896	2031	1525	4198	8662	1056	821	1132	2555	4499	7602	9962	6356	4275	2761	6618	8856	4645	5757	3042	9733	3199	3822	4859	5684	1824	1025	4695	1452	9993	6789	446	9255	3497	9716	5901	9814	7537	3901	1880	9091	3721	780	9250	544	686	1076	3909	5302	242	8942	4361	2847	3737	5117	7693	7067	8647	4345	6697	5906	5707	7607	9314	9306	5191	3841	6529	5461	4638	5130	8509	4966
4940	811	476	2640	10	558	9788	7474	1188	133	8141	3897	8408	1388	2476	7145	5171	1537	2739	3352	1847	2805	6327	9354	3208	8790	4677	4691	5990	52	1816	8402	7455	2933	6115	6940	7036	6707	0	9835	8195	8611	2101	7992	8906	7065	2923	2414	2845	519	7127	6236	501	4850	5250	123	9332	5969	7628	6766	3527	3932	5994	3679	2696	1826	8881	4437	8242	5688	8780	5444	746	9549	6313	411	3502	2910	1181	3785	4014	2279	9985	5359	3115	3119	6456	5300	3819	3203	495	2596	332	6270	5870	7927	74	4409	5099	6123	9421	4262	202	2399	7843	3582	8691	4109	5409	9312	9795	6043	8118	1770	1556	5724	7800	6302	354	1393	379	8031	9408	6285	6117	131	5796	1680	4705	3851	4332	2480	2487	8695	3248	879	6008	4045	3142	9123	8507	6361	8708	7587	1194	1960	1446	5297	2862	9604
1081	1671	8451	8	9079	507	9762	3276	6726	8537	1862	8699	87	1098	9440	3514	477	1299	7010	5268	1742	1540	9857	5505	599	1113	2197	1858	6713	7244	9140	8700	8229	5978	5156	252	5005	8004	9835	0	4311	1841	869	3985	8249	8214	1646	9900	5612	4581	7012	7438	3820	3626	9299	3610	7055	7229	7011	6126	7987	5861	3107	9053	7316	3385	1005	3772	8474	4538	4614	6446	711	6006	1821	2392	4551	834	8459	4783	9704	8510	307	3318	7184	4903	5067	2396	9872	5195	2277	592	492	9711	3941	2250	172	6485	4110	8081	8292	4207	2336	5135	7712	2967	1618	8523	5972	7044	9315	1460	9013	7984	6380	8713	7877	6099	9908	1672	8385	5580	7492	6356	9400	3788	1570	7265	7846	7918	6345	4915	9776	4562	9946	5814	6326	3945	4907	4478	4342	6533	426	9326	9921	6901	9044	7270	8895	2280
1197	5362	9696	7950	6313	1231	7138	3932	6044	8276	215	4957	2370	163	1736	3069	265	4125	6519	9318	8683	2592	6553	3931	7134	7893	5140	8713	7772	7523	4126	2905	3083	516	714	5260	9608	9725	8195	4311	0	1143	3689	4064	4892	1573	6037	3375	5489	7172	1307	4059	3126	974	8856	8967	5095	1867	4920	4247	5495	1373	2135	112	5666	3437	3813	3992	9889	926	4497	9925	2988	7315	9839	8645	5378	9121	9316	4456	121	43	8831	9178	1838	8010	7655	1338	2211	8461	8731	8456	7564	8112	2326	275	4081	2606	3999	5601	300	4957	6070	476	2095	1924	6550	3459	5164	6906	7757	8504	5899	4423	7157	1349	3778	8751	2870	8083	8461	4573	3646	4802	6838	5609	4344	6748	9002	7448	7670	3389	7625	2445	5824	4032	1757	2596	4784	4937	2685	4105	8661	578	2539	9557	4549	7287	1846	9695
3659	2924	1189	1837	2562	5015	4879	8939	2034	1981	3350	2063	1131	7399	9444	4270	2735	8855	5955	8358	9046	7358	3973	9017	3838	2012	9435	8087	5098	9599	5593	7066	965	2959	9232	813	522	6728	8611	1841	1143	0	1938	5488	4611	8832	7576	745	3900	4851	8162	9029	5183	1170	1351	7673	9325	1130	1921	8415	8501	9351	8320	6137	1193	2045	5887	3539	6686	4786	2460	7884	8398	8182	5054	2789	5683	9376	5297	2917	4091	6684	2347	1669	6381	4395	2592	7527	8631	1088	9128	9860	6855	4717	3120	4396	743	6828	222	1575	3553	5705	2761	2658	3076	3265	6201	6822	892	4964	489	8605	5342	7915	57	1021	7623	4986	6225	891	4918	8480	3845	1214	2788	9067	8990	7051	7441	5102	8151	4554	8610	5932	4009	4558	3584	7163	7098	913	729	1552	1658	1119	4291	2576	1444	6738	3117	1394
496	7953	5988	150	7383	8219	7963	1082	9176	2391	6061	5249	3827	1325	884	6160	3134	5937	4365	7556	3745	1913	4791	513	7553	1071	5516	2410	3356	3976	3968	6037	2598	6333	9681	329	4076	7431	2101	869	3689	1938	0	4888	9220	4919	1188	3554	2848	2635	5038	8624	9714	2032	7196	9736	6662	8367	1633	5108	234	534	5868	1139	3769	9571	4387	7651	5865	2235	2841	5155	9503	8210	5961	7954	447	3167	5363	263	179	6154	9633	7164	9327	9486	8353	9952	5484	1591	6993	438	4408	1041	1188	6663	3218	6037	6350	5906	3071	2959	4946	6224	9504	8497	6923	1964	7899	3553	306	7232	4798	4387	795	447	9421	2843	5395	7492	874	9001	7698	9878	9752	4705	9893	5703	7678	156	2736	1034	4556	8059	3435	754	7329	6588	7518	5792	5790	8462	7624	8985	1752	1782	7112	3135	8770	7959
5921	5365	2036	514	4865	4389	3495	8290	806	2168	1776	1128	2138	9687	1073	4436	7600	1264	2139	2448	8368	4749	4202	6350	1583	5709	6716	4059	4302	8975	455	8293	36	6768	3406	9260	2992	3099	7992	3985	4064	5488	4888	0	1098	3048	9570	5994	3283	7496	8141	8645	9367	4412	4430	10000	3744	4984	3828	3828	506	7619	5292	8370	5367	7938	6892	2986	3692	180	3697	2357	5407	5800	9211	9595	319	9171	3632	7269	5275	3237	4145	4353	9910	9980	3657	7496	2519	5669	3729	1141	7675	7458	1460	1818	1287	163	9262	192	758	3201	2117	9845	4627	9952	1318	7626	5956	7749	3169	8492	5815	3711	6446	9380	6176	7136	8986	6933	3841	3574	2919	3650	5704	1086	2110	9774	9931	7254	261	727	352	9020	1083	1275	3472	1863	5340	4054	4411	6039	2826	6552	1815	7697	5257	6858	2728	2291
8950	7850	3061	4520	2128	7694	7401	7452	4499	2281	8642	3612	2707	6581	685	3067	432	4918	745	3465	2600	9005	8274	7420	4074	7028	8079	2615	3006	6859	6362	8444	4264	4249	8937	8952	3293	1015	8906	8249	4892	4611	9220	1098	0	8731	7765	1881	9602	9387	5222	807	9649	8245	2564	7552	8917	3309	2933	122	370	4299	8543	9763	5414	9849	1350	3885	9930	8853	228	8312	6310	1402	9178	3593	8552	1035	8586	5688	1528	9005	680	6320	2547	5046	5387	692	3083	3515	7173	6937	3799	7495	1667	6755	497	8812	217	1946	8589	8047	8942	6108	6794	7332	995	2854	317	9450	4423	3815	1625	7342	6703	160	3380	2595	8357	4417	1478	2243	9415	2281	5068	7001	9066	13	379	7081	4439	9798	7888	3638	1296	3795	2450	7562	4129	1265	9994	3802	1433	2778	6231	1664	7423	6394	1750	8619
8077	7443	4539	5861	3695	221	6873	6775	9904	3424	903	3336	7693	9450	6588	4750	660	4126	5999	254	5656	2041	1824	8180	4170	7338	5021	1369	4651	7828	6902	9776	2248	2117	4139	4382	2364	4754	7065	8214	1573	8832	4919	3048	8731	0	8432	7225	4045	6950	2941	6356	9741	9653	5200	5185	5646	9410	2414	3925	4958	5296	5702	2981	3894	1900	8009	9240	4258	4507	8118	2946	4787	1177	5494	4654	2968	6803	157	9318	5547	2863	8485	3502	8231	9711	7638	3131	9650	4540	8225	8369	8879	5612	7961	3541	288	4488	3417	4762	1410	5859	8662	7998	4787	7888	9383	1512	5983	2255	1456	1086	7348	4747	2605	690	2100	1714	2805	9697	5014	151	6812	3839	6799	7208	3236	3335	9980	183	6624	6593	6478	7722	7588	4529	8314	1881	8987	9893	2271	2175	4414	7469	9944	1955	8061	9178	9759	1731
6798	3247	8552	3547	116	390	767	3669	717	2772	5296	4483	5259	8155	2125	6557	6602	5046	1777	1702	444	3070	1074	2446	682	2666	3083	9567	1070	8976	2691	5497	7712	1543	5578	4863	4987	936	2923	1646	6037	7576	1188	9570	7765	8432	0	8673	5008	3703	5874	4665	7160	8299	1914	454	6404	4722	7739	1346	4619	7629	9836	9595	1936	3821	8248	850	9750	1280	6984	925	5061	1726	5945	5482	4152	3989	4642	2752	876	1024	7671	5199	8565	1592	30	8570	7892	2527	8974	5167	4376	8345	4882	607	4312	2405	2076	7381	7371	5977	7530	4553	7848	9312	2972	2234	6586	9960	3481	7475	2212	2502	5971	3389	5191	5752	5534	6491	6499	4836	5013	7195	4552	3928	4555	325	5797	8960	3835	9792	2762	3711	9520	5464	5063	6461	9868	3841	2913	9231	7711	9467	8735	7978	7187	7041	6498	5459
3287	9002	7900	8527	1572	343	2558	1520	5712	1037	3848	1734	8718	6974	4346	3621	7468	5965	699	8057	4568	9313	6502	1636	4719	4468	4289	4776	5502	9633	7926	6884	6224	863	1443	3004	9741	183	2414	9900	3375	745	3554	5994	1881	7225	8673	0	6202	5877	5937	5553	8345	5520	4353	9663	7213	510	9125	4275	2496	7352	9631	4801	8082	4583	9253	2365	6083	1802	9921	6947	8381	6235	6112	1255	8138	8835	2282	4722	5831	9478	3418	4947	9871	7818	9000	4457	3644	7114	3756	4069	6045	9270	8421	6868	8653	4371	9940	5636	7262	7996	5899	3537	4748	2960	8356	3260	9313	9707	1981	4009	7726	9615	3825	1517	6455	7932	8910	8622	8582	9828	7287	6005	927	3317	4852	6585	3872	9494	4563	2274	6398	1524	2222	3933	8938	7690	6755	8310	6515	2110	8800	1450	9418	9975	2613	5160	2623	5608
1660	3108	3099	9577	5126	2577	1398	9186	2325	2093	9357	3308	2210	3321	1902	4268	5802	5129	2	2077	9888	9833	1425	5453	1964	4181	3858	5323	4350	3883	5495	3534	4177	420	3109	8267	1957	6087	2845	5612	5489	3900	2848	3283	9602	4045	5008	6202	0	2348	3601	739	3182	7827	9904	1172	7773	7856	5084	2154	588	7098	8826	5827	9755	4103	1429	2624	7556	8946	5993	9571	5339	2386	4526	9880	1259	8102	1604	4674	7857	9229	8228	6990	2383	4871	5543	4794	1037	2633	9551	1509	6160	9691	4713	26	6102	1128	2310	6650	6347	3617	3107	5134	5877	2231	3413	4822	5427	5636	2414	4694	7507	2407	2302	4657	7166	9174	253	3692	8421	6241	949	8471	2462	4958	3596	6665	9143	5028	6542	7828	235	9810	2824	6024	2105	4726	2024	2474	1975	4863	5592	2555	9596	8067	1803	7557	5292	7403
8903	742	7276	7151	2065	1221	9025	9812	8168	2859	505	8542	479	9803	1160	4113	1618	888	9086	4699	9141	6883	7149	2494	3252	8965	8242	4111	9044	7239	4266	2073	2579	5425	5214	9683	8632	4410	519	4581	7172	4851	2635	7496	9387	6950	3703	5877	2348	0	1329	9361	6921	6091	9859	9280	2431	2145	7649	7916	1814	1101	3309	3793	9838	5812	5591	8834	2678	219	2586	9243	9861	1519	4368	6125	6215	4256	5490	2652	6971	5490	9067	8424	606	4120	7837	144	8305	3697	7575	7316	580	842	2448	7374	8075	85	8128	3859	6922	2851	625	1075	3558	3142	5314	5444	3808	3997	8627	4487	577	4564	3374	2631	1725	9530	7243	9211	8791	1153	7996	4677	5055	3411	7184	8578	4448	7479	6222	3206	4906	8056	4870	8451	1296	4548	5508	8577	7500	2408	8691	2279	9331	3092	8821	6662	6951	4063
5411	4616	1799	2561	8408	3270	1807	2189	9402	1859	2666	6787	7298	1554	2170	3228	6886	1639	980	5441	1560	9325	285	6845	1250	7524	1072	994	4833	6123	6180	3086	788	7271	2857	3178	2402	2883	7127	7012	1307	8162	5038	8141	5222	2941	5874	5937	3601	1329	0	2613	7872	2924	3605	6866	2657	8660	4185	3731	2941	776	8908	9569	3028	9239	476	5209	4657	8908	299	1111	2029	2089	1368	6288	3040	5349	7609	9512	4908	1545	9019	1183	8264	3681	909	6458	3079	967	5990	5060	4839	9653	5544	6134	9466	5297	6118	9312	7581	5889	7007	4194	2074	9890	7213	5717	4956	8759	5428	6936	1556	8353	3685	2396	8084	4220	6123	1653	1199	4030	6168	8210	4244	9343	8317	3981	7976	8410	134	9465	8167	9953	4358	6952	8900	2033	865	2289	6751	3761	4700	7177	292	5848	2388	3583	9755	9502
2046	7688	5809	220	344	8230	3172	286	1153	5845	3307	9972	8224	5657	5983	1666	2579	1340	2719	52	9247	3198	8918	8819	5262	836	6114	8108	5957	2233	2596	8466	7619	5475	1832	4386	1813	6896	6236	7438	4059	9029	8624	8645	807	6356	4665	5553	739	9361	2613	0	5898	7320	8445	5369	9946	9267	1109	3839	603	2121	2879	8853	2934	6291	4997	3746	1930	8868	7198	8527	2183	2783	6746	1360	1911	5257	3295	7172	2236	8495	6646	6774	7480	4775	4223	2832	3501	5441	1481	2559	5499	3809	6274	6906	9574	4719	7907	1104	1570	7150	410	1930	7042	8880	7628	1068	9325	6585	8005	8884	8703	2862	2174	7522	7213	3753	8344	1485	3953	2977	4920	6202	6798	8916	502	5858	5103	6644	7365	5237	8526	2041	1229	9960	4652	9102	4299	7610	4744	7567	9300	881	5709	4418	258	728	1916	3008
6013	7775	9019	5186	5088	4406	6092	1153	3585	7947	5205	1262	6525	1556	5952	1210	9125	4227	331	7009	7293	6538	9685	5542	1000	6624	8729	4666	5305	7675	7545	6858	6660	7029	1147	3920	4710	6496	501	3820	3126	5183	9714	9367	9649	9741	7160	8345	3182	6921	7872	5898	0	2232	2579	7423	3576	7512	667	9339	8320	7427	5941	9112	5644	2366	5483	2856	9261	3997	9415	3094	1396	8840	9461	6733	8215	9798	8814	3291	5414	3578	8832	8444	9205	3025	1438	3673	3241	765	3043	7721	8736	395	3616	403	4269	3225	987	7575	7884	9371	6666	9020	8397	1300	2871	1835	5511	1751	8544	176	2406	1563	1118	9919	5838	4650	5642	8059	3415	5349	3864	3808	1749	6939	1929	5156	5815	7562	8436	1833	9062	1584	4357	5356	8993	3423	2107	4617	87	4703	4839	8647	1518	1460	206	8606	4680	7434
3007	2478	6642	5087	1285	6996	9592	3299	2007	4435	764	3845	6726	3265	3626	6181	6134	127	689	2603	2668	5567	1715	4434	7255	8583	5853	5954	1745	5790	5468	8131	7198	3149	5576	4411	2877	4746	4850	3626	974	1170	2032	4412	8245	9653	8299	5520	7827	6091	2924	7320	2232	0	6407	9654	531	6729	9559	4395	9202	7177	303	8957	4612	7297	4417	6808	5004	6079	5884	5605	1169	2819	9807	6713	6106	9487	3489	5134	6974	5037	1601	2563	6951	3966	3593	6394	5196	1959	7884	9121	3159	3225	8914	5627	4790	9795	7616	852	1460	4824	4755	1258	7560	6050	91	1125	6064	2527	3626	7896	1264	3820	5437	7299	2717	5937	6832	7158	2130	4306	2253	8316	7727	8645	4198	7527	1879	3914	7815	6359	2829	1817	9099	3657	1787	9541	8989	5402	259	1380	653	3371	9245	5649	4116	3793	784	4309
